[Walking Config]
x_offset=-10.000000
y_offset=5.000000
z_offset=12.000000
roll_offset=0.500000
pitch_offset=0.000000
yaw_offset=0.000000
hip_pitch_offset=16.000000
period_time=700.000000
dsp_ratio=0.270000
step_forward_back_ratio=0.300000
foot_height=29.000000
swing_right_left=20.000000
swing_top_down=4.000000
pelvis_offset=3.000000
arm_swing_gain=1.500000
balance_knee_gain=0.300000
balance_ankle_pitch_gain=0.900000
balance_hip_roll_gain=0.500000
balance_ankle_roll_gain=1.000000
p_gain=32
i_gain=2
d_gain=0

[Camera]
Brightness=128
Contrast=32
Saturation=28
Gain=255
Exposure=1000

[RED]
hue=0
hue_tolerance=15
min_saturation=45
min_value=0
min_percent=0.300000
max_percent=50.000000

[Find Color]
hue=12
hue_tolerance=90
min_saturation=62
min_value=0
min_percent=0.070000
max_percent=30.000000
